Sort ASC Time 
Start: 0.000271
End: 0.001756

